5
6
3
4
1
2
14
15
18
19
20
21
16
17
28
29
32
30
31
38
39
42
43
44
45
40
41
55
56
59
60
61
62
57
58
69
70
73
74
75
76
77
78
79
71
72
89
90
93
94
95
96
97
98
99
91
92
109
110
113
114
115
111
112
123
124
127
128
125
126
134
140
135
138
139
136
137
148
149
152
153
154
155
156
157
158
150
151
168
169
172
173
170
171
179
180
181
182
186
187
190
192
191
193
188
189
205
211
206
209
210
207
208
219
220
223
224
225
226
221
222
238
239
242
243
244
245
240
241
250
251
254
255
256
257
258
252
253
267
268
271
272
273
274
275
269
270
284
285
288
289
290
286
287
300
301
304
305
306
302
303
314
315
318
319
320
321
316
317
328
334
329
332
333
330
331
342
343
346
347
348
349
344
345
356
357
360
362
361
363
358
359
375
376
379
381
380
382
377
378
394
395
398
399
400
396
397
410
411
412
413
417
418
421
422
423
424
425
419
420
439
440
443
444
446
445
447
448
441
442
456
457
460
461
458
459
467
468
471
472
473
475
474
476
477
478
469
470
488
489
492
493
494
496
495
497
498
499
490
491
509
510
513
514
511
512
520
521
522
523
527
528
531
532
533
535
534
536
537
538
529
530
548
549
552
553
554
556
555
557
558
559
550
551
569
570
573
574
576
575
577
578
571
572
586
587
588
589
593
594
597
598
600
599
601
602
595
596
611
612
615
616
613
614
622
623
626
627
628
629
630
631
632
624
625
642
643
646
647
648
649
644
645
654
655
658
659
660
661
656
657
666
667
670
671
668
669
677
678
681
682
683
679
680
693
694
697
698
699
700
701
702
703
695
696
717
718
721
722
723
725
724
726
727
728
719
720
738
739
742
743
744
745
740
741
757
758
761
762
764
763
765
766
759
760
774
780
775
778
779
776
777
788
789
792
793
794
795
796
790
791
803
804
807
808
809
810
811
812
813
805
806
827
828
831
832
833
834
829
830
839
840
843
844
845
846
841
842
851
852
855
856
857
853
854
867
868
871
872
873
874
869
870
879
880
883
884
885
886
887
881
882
901
902
905
906
907
908
903
904
920
921
924
925
926
922
923
936
937
940
942
941
943
938
939
955
956
957
958
962
963
966
967
964
965
973
974
977
978
979
980
981
982
983
975
976
993
994
997
998
995
996
1004
1005
1008
1009
1006
1007
1015
1016
1019
1021
1020
1022
1017
1018
1034
1035
1036
1037
1041
1042
1045
1046
1043
1044
1052
1053
1054
1055
1059
1060
1063
1061
1062
1069
1070
1073
1074
1075
1071
1072
1085
1086
1089
1090
1091
1092
1093
1094
1095
1087
1088
1105
1106
1109
1110
1111
1112
1107
1108
1122
1123
1126
1127
1128
1129
1124
1125
1139
1140
1143
1141
1142
1149
1150
1151
1152
1156
1157
1160
1161
1162
1163
1158
1159
1170
1171
1174
1175
1176
1177
1178
1172
1173
1187
1188
1189
1190
1194
1195
1198
1199
1201
1200
1202
1203
1196
1197
1212
1213
1216
1217
1218
1219
1220
1221
1222
1214
1215
1236
1237
1240
1241
1238
1239
1247
1248
1251
1252
1253
1254
1249
1250
1259
1260
1263
1264
1266
1268
1269
1265
1267
1270
1271
1272
1261
1262
1283
1284
1287
1289
1288
1290
1285
1286
1302
1303
1306
1307
1304
1305
1313
1314
1317
1318
1319
1315
1316
1327
1328
1331
1332
1333
1334
1335
1336
1337
1329
1330
1347
1353
1348
1351
1352
1349
1350
1361
1362
1365
1366
1367
1368
1369
1370
1371
1363
1364
1381
1382
1385
1386
1387
1388
1389
1390
1391
1383
1384
1401
1402
1405
1406
1407
1409
1408
1410
1411
1412
1403
1404
1422
1423
1426
1427
1428
1429
1430
1424
1425
1439
1440
1443
1444
1445
1446
1441
1442
1451
1452
1455
1456
1457
1458
1453
1454
1465
1466
1469
1470
1471
1472
1467
1468
1477
1478
1481
1482
1483
1484
1479
1480
1491
1492
1495
1496
1497
1498
1499
1500
1501
1493
1494
1511
1512
1515
1513
1514
1521
1522
1525
1526
1527
1528
1523
1524
1533
1534
1537
1535
1536
1543
1544
1547
1548
1549
1550
1551
1552
1553
1545
1546
1567
1568
1571
1572
1573
1574
1569
1570
1579
1580
1581
1582
1586
1587
1590
1591
1592
1593
1594
1595
1596
1588
1589
1606
1607
1610
1611
1612
1608
1609
1620
1621
1624
1625
1626
1627
1628
1629
1630
1622
1623
1644
1645
1648
1649
1646
1647
1655
1656
1657
1658
1662
1663
1666
1667
1668
1669
1664
1665
1674
1675
1678
1679
1680
1676
1677
1688
1689
1692
1694
1693
1695
1690
1691
1707
1708
1711
1713
1712
1714
1709
1710
1726
1727
1728
1729
1733
1734
1737
1738
1740
1739
1741
1742
1735
1736
1750
1751
1754
1755
1756
1757
1752
1753
1762
1763
1766
1767
1768
1764
1765
1778
1779
1782
1783
1785
1787
1788
1784
1786
1789
1790
1791
1780
1781
1802
1803
1806
1808
1807
1809
1804
1805
1821
1822
1823
1824
1828
1829
1832
1833
1834
1830
1831
1842
1843
1846
1847
1848
1849
1850
1844
1845
1857
1858
1861
1859
1860
1867
1868
1871
1872
1873
1874
1869
1870
1884
1885
1888
1890
1889
1891
1886
1887
1903
1904
1907
1908
1909
1910
1905
1906
1920
1926
1921
1924
1925
1922
1923
1934
1935
1936
1937
1941
1942
1945
1946
1947
1943
1944
1957
1958
1961
1962
1963
1964
1965
1959
1960
1979
1980
1983
1985
1984
1986
1981
1982
1998
1999
2000
2001
2005
2006
2009
2010
2012
2011
2013
2014
2007
2008
2022
2023
2024
2025
2029
2030
2033
2031
2032
2039
2040
2043
2045
2044
2046
2041
2042
2058
2059
2062
2064
2063
2065
2060
2061
2077
2078
2081
2079
2080
2087
2088
2091
2092
2089
2090
2098
2099
2102
2103
2104
2105
2106
2107
2108
2100
2101
2122
2123
2126
2127
2124
2125
2133
2134
2137
2138
2139
2135
2136
2149
2150
2153
2154
2155
2151
2152
2165
2166
2169
2170
2171
2167
2168
2179
2180
2183
2184
2185
2186
2187
2181
2182
2201
2202
2205
2206
2207
2208
2203
2204
2213
2214
2217
2218
2219
2215
2216
2229
2230
2233
2231
2232
2239
2245
2240
2243
2244
2241
2242
2253
2254
2257
2258
2259
2261
2260
2262
2263
2264
2255
2256
2274
2275
2278
2279
2280
2281
2282
2276
2277
2289
2290
2293
2294
2295
2291
2292
2305
2306
2309
2310
2311
2307
2308
2321
2322
2323
2324
2328
2329
2332
2333
2330
2331
2339
2340
2343
2344
2345
2346
2341
2342
2353
2359
2354
2357
2358
2355
2356
2367
2368
2371
2369
2370
2377
2378
2381
2382
2383
2384
2385
2379
2380
2399
2400
2403
2404
2406
2405
2407
2408
2401
2402
2417
2418
2421
2423
2422
2424
2419
2420
2436
2437
2440
2441
2442
2443
2444
2438
2439
2458
2459
2462
2463
2464
2465
2466
2467
2468
2460
2461
2478
2479
2482
2483
2484
2485
2486
2487
2488
2480
2481
2502
2503
2506
2507
2508
2509
2510
2511
2512
2504
2505
2522
2523
2526
2527
2524
2525
2533
2534
2537
2538
2539
2540
2535
2536
2545
2546
2549
2550
2551
2547
2548
2561
2562
2565
2566
2567
2568
2569
2563
2564
2576
2577
2580
2582
2581
2583
2578
2579
2595
2596
2599
2597
2598
2605
2606
2609
2610
2611
2612
2607
2608
2622
2623
2626
2627
2628
2629
2624
2625
2641
2642
2645
2646
2647
2648
2643
2644
2660
2661
2664
2665
2666
2667
2668
2662
2663
2675
2676
2679
2680
2681
2682
2677
2678
2692
2693
2696
2694
2695
2702
2703
2706
2707
2709
2711
2712
2708
2710
2713
2714
2715
2704
2705
2726
2727
2730
2731
2733
2735
2736
2732
2734
2737
2738
2739
2728
2729
2750
2751
2754
2755
2756
2757
2752
2753
2764
2765
2768
2769
2771
2773
2774
2770
2772
2775
2776
2777
2766
2767
2788
2794
2789
2792
2793
2790
2791
2802
2803
2806
2807
2808
2809
2810
2804
2805
2817
2818
2821
2822
2819
2820
2828
2829
2832
2833
2835
2837
2838
2834
2836
2839
2840
2841
2830
2831
2852
2853
2856
2857
2858
2859
2854
2855
2871
2872
2875
2876
2877
2878
2879
2873
2874
2893
2894
2897
2898
2899
2900
2901
2895
2896
2908
2909
2912
2913
2910
2911
2919
2920
2923
2924
2925
2926
2921
2922
2936
2937
2940
2941
2942
2943
2944
2938
2939
2953
2954
2957
2958
2955
2956
2964
2965
2968
2969
2970
2971
2966
2967
2983
2984
2987
2988
2985
2986
2994
2995
2998
2999
2996
2997
3005
3006
3009
3010
3007
3008
3016
3017
3020
3021
3022
3023
3018
3019
3028
3029
3032
3034
3033
3035
3030
3031
3047
3048
3051
3052
3053
3054
3055
3049
3050
3062
3063
3064
3065
3069
3070
3073
3074
3075
3076
3071
3072
3088
3089
3092
3093
3094
3096
3095
3097
3098
3099
3090
3091
3109
3110
3113
3114
3115
3116
3111
3112
3128
3129
3132
3133
3134
3135
3130
3131
3142
3143
3146
3147
3149
3151
3152
3148
3150
3153
3154
3155
3144
3145
3166
3167
3170
3171
3172
3173
3174
3168
3169
3183
3184
3187
3188
3185
3186
3194
3195
3198
3199
3200
3201
3202
3196
3197
3216
3217
3220
3218
3219
3246
3252
3247
3231
3230
3229
3228
3233
3232
3227
3234
3235
3236
3237
3238
3239
3253
3248
3249
3240
3241
3242
3243
3244
3245
3254
3250
3251
3285
3286
3287
3288
3289
3290
3291
3292
3293
3294
3295
3296
3297
3298
3299
3300
3301
3302
3303
3304
3310
3311
3312
3313
3314
3315
3316
3317
3318
3319
3320
3321
3322
3323
3324
3325
3326
3327
3328
3329
3330
3333
3336
3339
3342
3345
3348
3351
3354
3357
3360
3363
3366
3369
3372
3375
3378
3381
3384
3387
3390
3393
3396
3399
3402
3405
3408
3411
3414
3417
3420
3423
3426
3429
3432
3435
3438
3441
3444
3447
3450
3453
3456
3459
3462
3465
3468
3471
3474
3477
3480
3483
3486
3489
3492
3495
3498
3501
3504
3507
3510
3513
3516
3519
3522
3525
3528
3531
3534
3537
3540
3543
3546
3552
3555
3558
3561
3564
3567
3570
3573
3576
