     5
     6
     3
     4
     1
     2
    14
    15
    18
    19
    20
    16
    17
    28
    29
    32
    33
    34
    35
    30
    31
    42
    48
    43
    46
    47
    44
    45
    56
    62
    57
    60
    61
    58
    59
    70
    76
    71
    74
    75
    72
    73
    84
    90
    85
    88
    89
    86
    87
    98
    99
   102
   103
   104
   105
   106
   100
   101
   113
   114
   117
   118
   119
   115
   116
   127
   128
   131
   132
   129
   130
   138
   139
   142
   143
   144
   145
   140
   141
   152
   158
   153
   156
   157
   154
   155
   166
   167
   170
   171
   172
   173
   168
   169
   180
   181
   184
   185
   186
   187
   188
   182
   183
   202
   208
   203
   206
   207
   204
   205
   216
   217
   220
   221
   222
   223
   224
   218
   219
   238
   239
   242
   243
   244
   245
   246
   247
   248
   240
   241
   262
   263
   266
   267
   268
   270
   269
   264
   265
   279
   280
   283
   284
   285
   281
   282
   293
   294
   297
   298
   299
   300
   295
   296
   307
   308
   311
   312
   313
   314
   315
   309
   310
   324
   325
   328
   329
   330
   331
   326
   327
   343
   344
   347
   348
   349
   351
   350
   345
   346
   360
   361
   364
   365
   366
   368
   367
   369
   370
   371
   362
   363
   381
   382
   385
   386
   387
   388
   383
   384
   400
   401
   404
   405
   406
   407
   402
   403
   419
   420
   423
   424
   425
   426
   427
   428
   429
   421
   422
   443
   444
   447
   448
   449
   445
   446
   459
   460
   463
   464
   465
   461
   462
   475
   476
   479
   480
   481
   482
   477
   478
   494
   495
   498
   499
   500
   501
   502
   496
   497
   516
   517
   520
   521
   522
   518
   519
   530
   531
   534
   535
   536
   537
   532
   533
   549
   550
   553
   554
   556
   558
   559
   555
   557
   560
   561
   562
   551
   552
   573
   574
   577
   578
   579
   580
   581
   575
   576
   595
   596
   599
   600
   602
   601
   603
   604
   597
   598
   612
   613
   616
   617
   618
   619
   620
   614
   615
   629
   630
   633
   634
   635
   636
   637
   638
   639
   631
   632
   649
   650
   653
   651
   652
   659
   660
   663
   664
   666
   668
   669
   665
   667
   670
   671
   672
   661
   662
   683
   689
   684
   687
   688
   685
   686
   697
   698
   701
   702
   703
   704
   705
   706
   707
   699
   700
   717
   718
   721
   722
   723
   724
   725
   719
   720
   734
   735
   738
   739
   740
   741
   742
   736
   737
   751
   757
   752
   755
   756
   753
   754
   765
   766
   769
   770
   771
   767
   768
   781
   782
   785
   786
   787
   788
   783
   784
   793
   794
   797
   795
   796
   803
   804
   807
   808
   809
   805
   806
   819
   820
   823
   824
   825
   826
   827
   821
   822
   841
   842
   845
   846
   847
   848
   843
   844
   860
   861
   864
   865
   867
   866
   862
   863
   874
   875
   878
   879
   880
   881
   876
   877
   893
   899
   894
   897
   898
   895
   896
   907
   908
   911
   912
   913
   914
   909
   910
   919
   920
   923
   924
   925
   927
   926
   928
   929
   930
   921
   922
   940
   941
   944
   945
   946
   948
   947
   949
   950
   951
   942
   943
   961
   962
   965
   966
   967
   968
   969
   963
   964
   983
   984
   987
   989
   988
   990
   985
   986
  1002
  1003
  1006
  1008
  1007
  1009
  1004
  1005
  1021
  1022
  1025
  1026
  1027
  1028
  1029
  1023
  1024
  1043
  1044
  1047
  1048
  1049
  1045
  1046
  1057
  1063
  1058
  1061
  1062
  1059
  1060
  1071
  1072
  1075
  1076
  1077
  1078
  1073
  1074
  1088
  1089
  1092
  1093
  1094
  1095
  1090
  1091
  1100
  1101
  1104
  1105
  1106
  1107
  1102
  1103
  1117
  1118
  1119
  1120
  1124
  1125
  1128
  1129
  1130
  1126
  1127
  1138
  1139
  1142
  1144
  1143
  1145
  1140
  1141
  1157
  1158
  1161
  1162
  1163
  1164
  1165
  1159
  1160
  1179
  1180
  1183
  1184
  1185
  1186
  1187
  1181
  1182
  1201
  1202
  1205
  1206
  1207
  1208
  1209
  1210
  1211
  1203
  1204
  1225
  1226
  1229
  1230
  1231
  1232
  1227
  1228
  1244
  1245
  1248
  1249
  1250
  1251
  1252
  1246
  1247
  1259
  1260
  1263
  1264
  1265
  1266
  1261
  1262
  1273
  1274
  1277
  1278
  1280
  1279
  1275
  1276
  1287
  1288
  1291
  1292
  1293
  1295
  1294
  1296
  1297
  1298
  1289
  1290
  1308
  1309
  1312
  1313
  1314
  1316
  1315
  1317
  1318
  1319
  1310
  1311
  1329
  1330
  1333
  1334
  1336
  1338
  1339
  1335
  1337
  1340
  1341
  1342
  1331
  1332
  1353
  1354
  1357
  1358
  1359
  1360
  1355
  1356
  1367
  1368
  1371
  1369
  1370
  1377
  1378
  1381
  1382
  1383
  1384
  1385
  1379
  1380
  1394
  1395
  1398
  1399
  1400
  1401
  1402
  1396
  1397
  1409
  1410
  1413
  1414
  1411
  1412
  1420
  1421
  1424
  1426
  1425
  1427
  1422
  1423
  1439
  1440
  1443
  1444
  1445
  1446
  1447
  1441
  1442
  1456
  1457
  1460
  1461
  1462
  1463
  1458
  1459
  1468
  1469
  1472
  1473
  1474
  1475
  1476
  1477
  1478
  1470
  1471
  1488
  1489
  1492
  1493
  1494
  1495
  1490
  1491
  1502
  1503
  1506
  1507
  1508
  1504
  1505
  1516
  1517
  1520
  1521
  1522
  1523
  1518
  1519
  1533
  1534
  1537
  1538
  1539
  1540
  1541
  1542
  1543
  1535
  1536
  1553
  1554
  1557
  1558
  1559
  1555
  1556
  1567
  1568
  1571
  1572
  1573
  1574
  1569
  1570
  1581
  1582
  1585
  1586
  1583
  1584
  1592
  1593
  1596
  1597
  1598
  1600
  1599
  1601
  1602
  1603
  1594
  1595
  1613
  1614
  1617
  1619
  1618
  1620
  1615
  1616
  1632
  1633
  1636
  1637
  1638
  1640
  1639
  1641
  1642
  1643
  1634
  1635
  1653
  1654
  1657
  1658
  1659
  1660
  1655
  1656
  1667
  1668
  1671
  1672
  1673
  1674
  1675
  1669
  1670
  1689
  1695
  1690
  1693
  1694
  1691
  1692
  1703
  1704
  1705
  1706
  1710
  1711
  1714
  1715
  1716
  1717
  1712
  1713
  1722
  1723
  1726
  1727
  1728
  1729
  1724
  1725
  1734
  1735
  1738
  1740
  1739
  1741
  1736
  1737
  1753
  1754
  1757
  1758
  1759
  1755
  1756
  1769
  1770
  1773
  1774
  1775
  1776
  1771
  1772
  1788
  1789
  1792
  1793
  1794
  1795
  1790
  1791
  1805
  1806
  1809
  1807
  1808
  1815
  1816
  1819
  1820
  1821
  1822
  1823
  1817
  1818
  1830
  1831
  1834
  1832
  1833
  1840
  1841
  1844
  1845
  1846
  1847
  1842
  1843
  1859
  1860
  1863
  1864
  1865
  1866
  1867
  1861
  1862
  1874
  1875
  1878
  1879
  1880
  1881
  1882
  1876
  1877
  1896
  1897
  1900
  1901
  1902
  1903
  1898
  1899
  1915
  1916
  1919
  1920
  1921
  1922
  1923
  1924
  1925
  1917
  1918
  1935
  1936
  1939
  1940
  1941
  1942
  1937
  1938
  1954
  1955
  1958
  1959
  1960
  1961
  1962
  1956
  1957
  1971
  1972
  1975
  1976
  1977
  1978
  1979
  1973
  1974
  1993
  1994
  1997
  1999
  1998
  2000
  1995
  1996
  2012
  2013
  2016
  2017
  2018
  2019
  2014
  2015
  2026
  2027
  2030
  2031
  2032
  2033
  2034
  2028
  2029
  2041
  2042
  2045
  2046
  2047
  2048
  2043
  2044
  2060
  2066
  2061
  2064
  2065
  2062
  2063
  2074
  2075
  2078
  2079
  2080
  2076
  2077
  2088
  2089
  2092
  2093
  2094
  2095
  2096
  2090
  2091
  2103
  2104
  2107
  2108
  2109
  2110
  2111
  2105
  2106
  2112
  2119
  2121
  2123
  2124
  2125
  2127
  2129
  2130
  2131
  2132
  2133
  2135
  2137
  2139
  2141
  2142
  2143
  2144
  2148
  2149
  2150
  2151
  2153
  2156
  2157
  2158
  2161
  2164
  2167
  2170
  2173
  2176
  2179
  2182
  2185
  2188
  2191
  2194
  2197
  2200
  2203
  2206
  2209
  2212
  2215
  2218
  2221
  2224
  2227
  2230
  2233
  2236
  2239
  2242
  2245
  2248
  2251
  2254
  2257
  2260
  2263
  2266
  2269
  2272
  2275
  2278
  2281
  2284
  2287
  2290
  2293
  2296
  2299
  2302
  2305
  2308
  2311
  2314
  2317
  2320
  2323
  2326
  2329
  2332
  2335
  2338
  2341
  2344
  2347
  2350
  2353
  2356
  2359
  2362
  2365
  2368
  2371
  2374
  2377
  2380
  2383
  2386
  2389
  2392
  2395
  2398
  2401
  2404
  2407
  2410
  2413
  2416
  2419
  2422
  2425
  2428
  2431
  2434
  2437
  2440
  2443
  2446
  2449
  2452
  2455
  2458
  2461
  2464
  2467
  2470
  2473
  2476
  2479
  2482
  2485
  2488
  2491
  2494
  2497
  2500
  2503
  2506
  2509
  2512
  2515
  2518
  2521
  2524
  2527
  2530
  2533
  2536
  2539
  2542
  2545
  2548
  2551
  2554
  2557
  2560
  2563
  2566
  2569
  2572
  2575
  2578
  2581
  2584
  2587
  2590
  2593
  2596
  2599
  2602
  2605
  2608
  2611
  2614
  2617
