5
6
7
8
9
3
4
1
2
18
19
22
23
24
25
26
20
21
33
34
37
38
39
40
41
35
36
48
49
52
53
54
50
51
62
63
66
67
68
69
70
71
72
64
65
86
87
90
91
92
93
94
88
89
101
102
105
106
107
108
103
104
120
121
124
125
126
127
128
122
123
137
138
141
142
139
140
148
149
152
153
154
155
150
151
167
168
171
169
170
177
178
181
179
180
187
188
191
189
190
197
198
201
202
203
199
200
213
214
217
218
219
215
216
229
235
230
233
234
231
232
243
244
247
248
245
246
254
255
258
256
257
264
265
268
269
270
271
272
266
267
281
282
285
286
287
283
284
295
296
299
300
301
302
297
298
314
315
318
319
320
321
322
316
317
336
337
340
342
341
343
338
339
355
356
359
360
361
357
358
369
370
373
374
375
376
371
372
381
382
385
386
387
388
389
390
391
383
384
401
402
405
406
403
404
412
413
416
417
418
419
420
421
422
414
415
432
433
436
437
434
435
443
444
447
448
449
450
445
446
455
456
459
460
461
462
463
464
465
457
458
475
476
479
480
481
482
483
477
478
490
491
494
495
496
497
492
493
509
510
513
514
511
512
520
521
524
525
526
527
522
523
532
533
536
537
538
539
534
535
551
552
555
556
557
558
559
553
554
566
567
570
571
572
568
569
580
581
584
582
583
590
591
594
595
596
597
592
593
609
610
613
614
611
612
620
621
624
625
626
622
623
634
635
638
640
639
641
636
637
653
654
657
658
659
660
661
662
663
655
656
677
678
681
682
683
684
679
680
694
695
698
699
700
701
702
703
704
696
697
714
715
718
719
720
716
717
728
729
732
733
734
735
730
731
740
741
744
745
746
747
742
743
759
760
763
764
765
766
761
762
773
774
777
778
779
780
775
776
792
793
796
797
798
794
795
808
809
812
813
814
815
816
810
811
825
826
829
830
831
832
827
828
839
840
843
844
845
846
847
848
849
841
842
859
860
863
864
865
866
867
861
862
876
877
880
881
882
883
878
879
893
894
897
898
899
900
901
895
896
915
916
919
920
922
921
923
924
917
918
932
933
936
937
938
939
940
934
935
947
948
951
952
953
949
950
963
964
967
968
969
970
965
966
982
983
986
987
984
985
993
994
997
998
999
1000
1001
1002
1003
995
996
1017
1018
1021
1022
1024
1026
1027
1023
1025
1028
1029
1030
1019
1020
1041
1042
1045
1047
1046
1048
1043
1044
1060
1061
1064
1065
1066
1067
1062
1063
1079
1080
1083
1084
1081
1082
1090
1091
1094
1095
1096
1092
1093
1106
1107
1110
1111
1112
1113
1114
1108
1109
1128
1129
1132
1133
1134
1135
1136
1130
1131
1150
1151
1154
1155
1156
1157
1152
1153
1164
1165
1168
1169
1170
1172
1171
1173
1174
1175
1166
1167
1185
1186
1189
1190
1191
1192
1193
1194
1195
1187
1188
1209
1210
1213
1214
1215
1216
1217
1211
1212
1231
1232
1235
1236
1237
1238
1233
1234
1245
1246
1249
1250
1251
1247
1248
1261
1262
1265
1263
1264
1271
1272
1275
1276
1277
1279
1278
1280
1281
1282
1273
1274
1292
1293
1296
1297
1299
1298
1300
1301
1294
1295
1309
1310
1313
1314
1315
1316
1311
1312
1323
1324
1327
1328
1330
1332
1333
1329
1331
1334
1335
1336
1325
1326
1347
1348
1351
1352
1353
1354
1355
1356
1357
1349
1350
1371
1372
1375
1376
1378
1377
1379
1380
1373
1374
1388
1389
1392
1390
1391
1398
1399
1402
1403
1404
1405
1406
1407
1408
1400
1401
1418
1419
1422
1423
1424
1425
1420
1421
1432
1433
1436
1437
1438
1434
1435
1446
1447
1450
1448
1449
1456
1457
1460
1461
1462
1463
1464
1458
1459
1473
1474
1477
1478
1475
1476
1483
1484
1487
1488
1489
1490
1485
1486
1500
1501
1504
1505
1506
1507
1508
1509
1510
1502
1503
1520
1521
1524
1522
1523
1530
1531
1534
1532
1533
1540
1541
1544
1545
1546
1547
1542
1543
1559
1560
1563
1564
1565
1566
1567
1561
1562
1581
1582
1585
1583
1584
1591
1592
1593
1594
1598
1599
1602
1603
1604
1605
1606
1600
1601
1620
1621
1624
1626
1625
1627
1622
1623
1639
1640
1643
1644
1645
1646
1647
1641
1642
1656
1657
1660
1661
1662
1663
1658
1659
1670
1671
1674
1675
1676
1677
1678
1672
1673
1692
1693
1696
1697
1698
1699
1694
1695
1711
1712
1715
1716
1717
1713
1714
1725
1726
1729
1730
1731
1732
1727
1728
1737
1738
1741
1742
1743
1744
1739
1740
1756
1757
1760
1761
1762
1763
1764
1758
1759
1771
1772
1775
1777
1776
1778
1773
1774
1790
1791
1794
1795
1796
1797
1792
1793
1809
1810
1813
1811
1812
1819
1820
1823
1824
1825
1826
1821
1822
1838
1839
1842
1843
1844
1845
1840
1841
1857
1858
1861
1863
1862
1864
1859
1860
1876
1877
1880
1878
1879
1886
1887
1890
1888
1889
1896
1897
1900
1901
1902
1903
1898
1899
1915
1916
1919
1920
1917
1918
1926
1927
1930
1931
1933
1932
1934
1935
1928
1929
1943
1944
1947
1948
1949
1950
1945
1946
1955
1956
1959
1960
1961
1962
1957
1958
1974
1975
1978
1979
1980
1981
1976
1977
1986
1987
1990
1991
1993
1992
1994
1995
1988
1989
2003
2009
2004
2007
2008
2005
2006
2017
2018
2019
2020
2024
2025
2028
2029
2030
2026
2027
2040
2041
2044
2045
2042
2043
2051
2052
2055
2056
2057
2058
2053
2054
2065
2066
2069
2070
2071
2072
2073
2067
2068
2082
2083
2086
2087
2088
2089
2090
2091
2092
2084
2085
2102
2103
2106
2107
2108
2109
2104
2105
2121
2122
2125
2127
2126
2128
2123
2124
2140
2141
2144
2145
2146
2147
2142
2143
2154
2155
2158
2159
2160
2156
2157
2168
2169
2172
2173
2174
2175
2170
2171
2182
2183
2186
2187
2184
2185
2193
2194
2197
2198
2199
2200
2201
2195
2196
2208
2209
2212
2213
2214
2215
2210
2211
2227
2228
2231
2229
2230
2237
2238
2241
2242
2243
2244
2239
2240
2256
2257
2260
2261
2262
2263
2258
2259
2273
2274
2277
2278
2279
2281
2280
2282
2283
2284
2275
2276
2294
2295
2298
2299
2300
2301
2296
2297
2308
2309
2312
2313
2314
2315
2310
2311
2320
2321
2324
2325
2326
2327
2328
2322
2323
2335
2336
2339
2340
2337
2338
2346
2347
2350
2351
2352
2348
2349
2362
2363
2366
2367
2368
2369
2364
2365
2381
2382
2385
2386
2387
2388
2389
2383
2384
2396
2397
2400
2401
2403
2402
2404
2405
2398
2399
2413
2414
2417
2418
2420
2419
2421
2422
2415
2416
2430
2431
2434
2435
2437
2436
2438
2439
2432
2433
2447
2448
2451
2452
2453
2454
2455
2456
2457
2449
2450
2467
2468
2471
2472
2473
2474
2469
2470
2479
2480
2483
2484
2485
2486
2487
2481
2482
2496
2497
2500
2501
2498
2499
2507
2508
2511
2512
2513
2514
2509
2510
2526
2527
2530
2531
2532
2533
2528
2529
2543
2544
2547
2549
2548
2550
2545
2546
2562
2563
2566
2567
2568
2569
2564
2565
2581
2582
2585
2586
2587
2588
2583
2584
2595
2596
2599
2600
2597
2598
2606
2612
2607
2610
2611
2608
2609
2620
2621
2622
2623
2627
2628
2631
2632
2633
2634
2629
2630
2641
2642
2645
2646
2647
2648
2649
2643
2644
2658
2659
2662
2664
2663
2665
2660
2661
2677
2678
2681
2682
2683
2684
2679
2680
2696
2697
2700
2701
2698
2699
2707
2708
2709
2710
2714
2715
2718
2719
2720
2721
2716
2717
2733
2734
2737
2738
2735
2736
2744
2745
2748
2750
2749
2751
2746
2747
2763
2764
2767
2768
2769
2770
2771
2765
2766
2778
2779
2782
2783
2784
2785
2786
2780
2781
2793
2794
2797
2798
2799
2801
2800
2802
2803
2804
2795
2796
2814
2815
2818
2819
2820
2821
2822
2816
2817
2836
2837
2840
2841
2842
2838
2839
2850
2851
2854
2855
2856
2852
2853
2864
2865
2868
2869
2870
2871
2866
2867
2883
2884
2887
2888
2889
2890
2891
2885
2886
2905
2906
2909
2911
2910
2912
2907
2908
2924
2925
2928
2930
2929
2931
2926
2927
2943
2944
2947
2948
2949
2950
2951
2945
2946
2965
2966
2969
2970
2971
2972
2973
2967
2968
2982
2983
2986
2984
2985
2992
2993
2996
2998
2997
2999
2994
2995
3011
3012
3015
3016
3017
3018
3013
3014
3030
3031
3034
3032
3033
3040
3041
3044
3045
3046
3042
3043
3054
3055
3058
3059
3060
3061
3056
3057
3066
3067
3070
3071
3072
3073
3068
3069
3085
3086
3089
3087
3088
3095
3096
3099
3100
3101
3102
3097
3098
3114
3115
3118
3119
3120
3122
3121
3123
3124
3125
3116
3117
3135
3136
3139
3141
3140
3142
3137
3138
3154
3155
3158
3159
3160
3161
3162
3156
3157
3176
3177
3180
3181
3182
3183
3184
3185
3186
3178
3179
3200
3201
3204
3205
3206
3207
3208
3209
3210
3202
3203
3224
3225
3226
3227
3231
3232
3235
3236
3237
3238
3239
3233
3234
3246
3247
3250
3251
3252
3253
3254
3255
3256
3248
3249
3266
3267
3270
3271
3272
3273
3274
3275
3276
3268
3269
3286
3287
3290
3291
3292
3293
3294
3288
3289
3301
3302
3305
3306
3307
3308
3303
3304
3320
3321
3324
3326
3325
3327
3322
3323
3339
3340
3343
3344
3345
3346
3347
3348
3349
3341
3342
3363
3364
3367
3368
3369
3370
3371
3365
3366
3385
3386
3389
3390
3391
3392
3387
3388
3399
3400
3403
3404
3405
3406
3407
3401
3402
3416
3417
3420
3421
3422
3423
3424
3425
3426
3418
3419
3436
3437
3440
3441
3442
3443
3438
3439
3450
3451
3454
3455
3456
3457
3452
3453
3469
3470
3473
3474
3475
3476
3477
3471
3472
3484
3485
3488
3489
3490
3491
3486
3487
3496
3502
3497
3500
3501
3498
3499
3510
3511
3514
3515
3517
3516
3518
3519
3512
3513
3528
3529
3532
3533
3534
3535
3536
3530
3531
3545
3546
3549
3550
3551
3552
3553
3547
3548
3567
3568
3571
3572
3573
3574
3575
3569
3570
3582
3583
3586
3587
3588
3589
3584
3585
3601
3602
3605
3606
3607
3608
3609
3610
3611
3603
3604
3621
3622
3625
3626
3627
3628
3623
3624
3640
3641
3644
3642
3643
3650
3651
3654
3655
3656
3657
3652
3653
3667
3668
3671
3672
3673
3674
3669
3670
3686
3687
3690
3691
3692
3693
3688
3689
3703
3704
3707
3708
3709
3705
3706
3717
3718
3721
3719
3720
3727
3728
3731
3732
3729
3730
3738
3739
3742
3743
3744
3745
3740
3741
3750
3751
3754
3755
3756
3757
3752
3753
3769
3770
3773
3774
3771
3772
3780
3781
3784
3782
3783
3790
3791
3794
3796
3795
3797
3792
3793
3809
3810
3813
3814
3815
3811
3812
3823
3824
3827
3828
3829
3830
3831
3825
3826
3845
3851
3846
3849
3850
3847
3848
3859
3860
3863
3864
3866
3868
3869
3865
3867
3870
3871
3872
3861
3862
3883
3889
3884
3887
3888
3885
3886
3897
3898
3901
3903
3902
3904
3899
3900
3916
3917
3920
3921
3922
3923
3924
3918
3919
3933
3934
3937
3938
3939
3940
3941
3935
3936
3950
3951
3954
3955
3956
3957
3958
3959
3960
3952
3953
3974
3975
3978
3980
3979
3981
3976
3977
3993
3994
3997
3995
3996
4003
4004
4007
4008
4009
4010
4011
4005
4006
4018
4019
4022
4023
4024
4025
4020
4021
4037
4038
4041
4042
4043
4039
4040
4053
4054
4057
4055
4056
4063
4064
4067
4068
4069
4065
4066
4077
4078
4081
4082
4083
4084
4085
4079
4080
4092
4093
4096
4097
4098
4099
4100
4101
4102
4094
4095
4112
4113
4116
4117
4118
4119
4120
4121
4122
4114
4115
4132
4133
4136
4137
4138
4139
4134
4135
4144
4145
4148
4149
4150
4151
4152
4146
4147
4161
4162
4163
4164
4168
4169
4172
4173
4174
4175
4170
4171
4180
4181
4184
4185
4186
4187
4188
4189
4190
4182
4183
4204
4205
4208
4209
4210
4211
4212
4206
4207
4219
4220
4223
4224
4225
4226
4227
4228
4229
4221
4222
4243
4244
4247
4248
4249
4250
4251
4245
4246
4265
4266
4269
4270
4271
4272
4273
4267
4268
4280
4281
4284
4285
4286
4287
4282
4283
4299
4300
4303
4304
4305
4306
4301
4302
4313
4314
4317
4319
4318
4320
4315
4316
4332
4333
4336
4337
4338
4339
4340
4334
4335
4347
4353
4348
4351
4352
4349
4350
4361
4362
4365
4366
4367
4363
4364
4375
4376
4379
4380
4381
4382
4377
4378
4387
4388
4391
4392
4393
4394
4389
4390
4406
4407
4410
4411
4412
4413
4408
4409
4423
4424
4427
4428
4429
4430
4425
4426
4437
4438
4441
4442
4443
4444
4445
4446
4447
4439
4440
4461
4462
4465
4466
4467
4468
4469
4463
4464
4476
4477
4480
4481
4482
4483
4484
4478
4479
4498
4499
4502
4503
4504
4505
4506
4500
4501
4520
4521
4524
4525
4526
4527
4522
4523
4534
4535
4538
4539
4540
4541
4542
4536
4537
4556
4557
4560
4562
4561
4563
4558
4559
4575
4581
4576
4579
4580
4577
4578
4589
4590
4593
4594
4591
4592
4600
4601
4604
4605
4606
4607
4602
4603
4617
4618
4621
4622
4623
4624
4625
4619
4620
4634
4635
4638
4639
4640
4636
4637
4650
4651
4652
4653
4657
4658
4661
4662
4663
4664
4665
4666
4667
4659
4660
4677
4678
4681
4683
4682
4684
4679
4680
4696
4697
4700
4701
4702
4703
4698
4699
4708
4709
4712
4710
4711
4718
4719
4722
4724
4723
4725
4720
4721
4737
4738
4741
4742
4739
4740
4748
4749
4752
4753
4754
4755
4750
4751
4767
4768
4771
4772
4773
4774
4775
4769
4770
4784
4785
4788
4789
4790
4791
4786
4787
4803
4804
4807
4808
4809
4811
4810
4812
4813
4814
4805
4806
4824
4825
4828
4829
4830
4831
4832
4826
4827
4839
4840
4843
4841
4842
4849
4850
4853
4854
4855
4856
4851
4852
4868
4869
4872
4873
4874
4870
4871
4882
4883
4886
4887
4889
4888
4890
4891
4884
4885
4899
4900
4903
4904
4905
4901
4902
4915
4916
4919
4920
4917
4918
4926
4927
4930
4931
4932
4933
4934
4928
4929
4941
4942
4945
4946
4947
4948
4943
4944
4953
4954
4957
4958
4955
4956
4964
4965
4968
4969
4970
4971
4972
4973
4974
4966
4967
4984
4990
4985
4988
4989
4986
4987
4998
4999
5002
5003
5004
5005
5000
5001
5017
5018
5021
5022
5023
5024
5019
5020
5036
5037
5040
5041
5042
5043
5038
5039
5048
5049
5050
5051
5055
5056
5059
5060
5057
5058
5066
5067
5070
5071
5072
5073
5074
5075
5076
5068
5069
5090
5091
5094
5095
5096
5097
5098
5092
5093
5112
5113
5116
5117
5118
5119
5114
5115
5126
5127
5130
5131
5132
5133
5134
5135
5136
5128
5129
5150
5151
5154
5155
5156
5157
5158
5152
5153
5167
5168
5171
5172
5173
5174
5175
5169
5170
5189
5190
5193
5194
5196
5198
5199
5195
5197
5200
5201
5202
5191
5192
5213
5214
5217
5218
5219
5220
5221
5215
5216
5230
5231
5234
5232
5233
5240
5241
5244
5245
5246
5247
5242
5243
5259
5260
5263
5261
5262
5269
5270
5273
5274
5275
5276
5277
5271
5272
5285
5286
5288
5287
5295
5294
5290
5289
5291
5292
5293
5296
5307
5308
5309
5310
5311
5312
5313
5314
5315
5297
5298
5299
5300
5301
5306
5302
5303
5304
5305
5335
5338
5341
5344
5347
5350
5353
5356
5359
5362
5365
5368
5371
5374
5377
5380
5383
5386
5389
5392
5395
5398
5401
5404
5407
5410
5413
5416
5419
5422
5425
5428
5431
5434
5437
5440
5443
5446
5449
5452
5455
5458
5461
5464
5467
5470
5473
5476
5479
5482
5485
5488
5491
5494
5497
5500
5503
5506
5509
5512
5515
5518
5521
5524
5527
5530
5533
5536
5539
5542
5545
5548
5551
5554
5557
5560
5563
5566
5569
5572
5575
5578
5581
5584
5587
5590
5593
5596
5599
5602
5605
5608
5611
5614
5617
5620
5623
5626
5629
5632
5635
5638
5641
5644
5647
5650
5653
5656
5659
5662
5665
5668
5671
5674
5677
5680
5683
5686
5689
5692
5695
5698
5701
5704
5707
5710
5713
5716
5719
5722
5725
5728
5731
5734
5737
5740
5743
5746
5749
5752
5755
5758
5761
5764
5767
5770
5773
5776
5779
5782
5785
5788
5791
5794
5797
5800
5803
5806
5809
5812
5815
5818
5821
5824
5827
5830
5833
5836
5839
5842
5845
5848
5851
5854
5857
5860
5863
5866
5869
5872
5875
5878
5881
5884
5887
5890
5893
5896
5899
5902
5905
5908
5911
5914
5917
5920
5923
5926
5929
5932
5935
5938
5941
5944
5947
5950
5953
5956
5959
5962
5965
5968
5971
5974
5977
5980
5983
5986
5989
5992
5995
5998
6001
6004
6007
6010
6013
6016
6019
6022
6025
6028
6031
6034
6037
6040
6043
6046
6049
6052
6055
6058
6061
6064
6067
6070
6073
6076
6079
6082
6085
6088
6091
6094
6097
6100
6103
6106
6109
6112
6115
6118
6121
6124
6127
6130
6133
6136
6139
6142
6145
6148
6151
6154
6157
6160
6163
6166
6169
6172
6175
6178
6181
6184
6187
6190
6193
6196
6199
6202
6205
6208
6211
6214
6217
6220
6223
6226
6229
6232
6235
6238
6241
6244
6247
6250
6253
6256
6259
6262
6265
6268
6271
6274
6277
6280
6283
6286
6289
6292
6295
6298
6301
6304
6307
6310
6313
6316
6319
6322
6325
6328
6331
6334
6337
6340
6343
6346
6349
6352
6355
6358
6361
6364
6367
6370
6373
6376
6379
6382
6385
6388
