5
6
7
8
3
4
1
2
17
18
21
22
23
24
25
19
20
39
40
43
45
44
46
41
42
58
59
62
63
64
60
61
74
75
78
79
76
77
85
86
89
90
92
91
93
94
87
88
102
103
106
107
108
109
104
105
121
122
125
126
127
128
123
124
140
141
144
145
146
142
143
156
157
160
158
159
166
167
170
171
172
173
174
168
169
181
187
182
185
186
183
184
195
196
199
200
201
202
203
197
198
210
211
214
215
216
217
218
212
213
232
233
236
238
237
239
234
235
251
252
255
256
257
259
258
260
261
262
253
254
272
273
276
274
275
282
283
286
287
288
289
284
285
299
305
300
303
304
301
302
313
314
317
318
319
320
315
316
325
331
326
329
330
327
328
339
340
343
344
345
341
342
353
354
357
358
359
355
356
369
375
370
373
374
371
372
383
384
387
388
389
390
385
386
395
396
399
400
397
398
406
407
410
411
412
413
408
409
418
419
422
424
423
425
420
421
437
438
441
442
443
444
445
439
440
459
460
463
461
462
469
470
473
474
475
476
471
472
488
489
492
493
494
490
491
502
503
506
507
508
504
505
516
517
520
521
522
523
518
519
535
536
539
540
537
538
546
547
550
551
552
553
548
549
558
559
562
563
564
565
560
561
577
578
581
579
580
587
588
591
592
593
594
589
590
599
600
603
604
605
606
607
608
609
601
602
623
624
627
628
629
630
631
625
626
638
639
642
643
644
645
640
641
657
658
661
662
663
659
660
673
674
677
678
679
675
676
689
690
693
695
694
696
691
692
708
709
712
714
713
715
710
711
727
728
729
730
734
735
738
739
741
743
744
740
742
745
746
747
736
737
758
759
762
760
761
768
769
772
773
774
775
776
770
771
790
791
794
795
797
796
798
799
792
793
807
808
811
813
812
814
809
810
826
832
827
830
831
828
829
840
841
842
843
847
848
851
852
853
854
855
856
857
849
850
867
868
871
872
869
870
878
879
882
883
884
880
881
892
893
896
897
898
899
894
895
911
912
915
916
913
914
922
923
926
927
928
929
924
925
941
942
945
943
944
951
952
955
956
957
958
953
954
963
964
967
968
969
970
971
965
966
980
981
984
985
986
987
982
983
997
998
1001
1002
999
1000
1008
1009
1012
1013
1014
1015
1010
1011
1027
1028
1031
1032
1033
1034
1029
1030
1046
1047
1050
1051
1052
1053
1054
1048
1049
1063
1064
1067
1068
1065
1066
1074
1075
1078
1076
1077
1084
1085
1088
1089
1091
1093
1094
1090
1092
1095
1096
1097
1086
1087
1108
1109
1112
1113
1114
1115
1110
1111
1125
1126
1129
1130
1131
1132
1133
1127
1128
1140
1141
1144
1146
1145
1147
1142
1143
1159
1160
1163
1164
1165
1166
1161
1162
1178
1179
1182
1184
1183
1185
1180
1181
1197
1198
1201
1202
1203
1204
1199
1200
1216
1217
1218
1219
1223
1224
1227
1228
1229
1225
1226
1239
1240
1243
1244
1245
1241
1242
1255
1256
1259
1260
1261
1263
1262
1264
1265
1266
1257
1258
1276
1277
1280
1281
1282
1283
1284
1285
1286
1278
1279
1300
1301
1304
1305
1302
1303
1311
1312
1315
1316
1317
1318
1313
1314
1330
1331
1334
1335
1332
1333
1341
1342
1345
1346
1347
1348
1349
1350
1351
1343
1344
1361
1362
1365
1366
1367
1368
1369
1363
1364
1376
1377
1380
1381
1382
1383
1378
1379
1388
1389
1392
1393
1394
1395
1396
1390
1391
1403
1404
1407
1408
1409
1410
1405
1406
1422
1423
1426
1427
1428
1424
1425
1438
1439
1442
1443
1444
1446
1445
1447
1448
1449
1440
1441
1459
1460
1463
1461
1462
1469
1470
1473
1474
1475
1476
1471
1472
1481
1482
1485
1486
1487
1488
1483
1484
1493
1494
1497
1498
1499
1501
1500
1502
1503
1504
1495
1496
1514
1515
1518
1520
1519
1521
1516
1517
1533
1534
1537
1538
1539
1540
1535
1536
1550
1551
1554
1555
1556
1557
1552
1553
1562
1563
1566
1567
1568
1569
1570
1564
1565
1577
1578
1581
1582
1583
1584
1579
1580
1589
1590
1593
1594
1595
1596
1597
1591
1592
1606
1607
1610
1611
1608
1609
1617
1618
1621
1622
1623
1624
1625
1619
1620
1639
1640
1643
1644
1645
1646
1641
1642
1658
1659
1662
1660
1661
1668
1669
1670
1671
1675
1676
1679
1680
1681
1682
1677
1678
1694
1695
1698
1699
1700
1701
1696
1697
1713
1714
1717
1718
1719
1720
1715
1716
1725
1726
1729
1730
1731
1732
1727
1728
1744
1745
1748
1749
1750
1751
1746
1747
1758
1759
1762
1763
1764
1765
1760
1761
1772
1773
1776
1774
1775
1782
1783
1786
1788
1787
1789
1784
1785
1801
1802
1805
1806
1807
1808
1803
1804
1820
1821
1824
1825
1826
1827
1828
1822
1823
1837
1838
1841
1842
1843
1844
1839
1840
1856
1857
1860
1861
1862
1858
1859
1872
1873
1876
1877
1878
1879
1880
1874
1875
1894
1895
1898
1899
1900
1901
1902
1896
1897
1916
1917
1920
1921
1922
1924
1923
1925
1926
1927
1918
1919
1937
1938
1941
1942
1943
1944
1945
1939
1940
1959
1960
1963
1964
1961
1962
1970
1971
1974
1975
1976
1977
1972
1973
1987
1988
1991
1992
1993
1994
1995
1989
1990
2009
2010
2013
2014
2015
2016
2011
2012
2028
2029
2032
2033
2034
2035
2036
2030
2031
2043
2044
2047
2048
2049
2050
2051
2045
2046
2065
2066
2069
2070
2071
2072
2073
2067
2068
2080
2081
2084
2085
2086
2087
2088
2082
2083
2095
2096
2099
2100
2101
2102
2103
2104
2105
2097
2098
2115
2116
2119
2120
2121
2117
2118
2131
2132
2135
2136
2137
2133
2134
2145
2146
2149
2150
2151
2152
2147
2148
2164
2165
2168
2169
2170
2171
2172
2166
2167
2186
2187
2190
2188
2189
2196
2197
2200
2202
2201
2203
2198
2199
2215
2216
2219
2217
2218
2225
2226
2229
2230
2231
2232
2227
2228
2244
2245
2248
2246
2247
2254
2255
2258
2259
2260
2261
2256
2257
2268
2269
2272
2273
2270
2271
2279
2280
2283
2284
2285
2286
2281
2282
2291
2292
2295
2296
2293
2294
2302
2303
2306
2307
2308
2309
2304
2305
2319
2320
2323
2324
2326
2325
2327
2328
2321
2322
2336
2337
2340
2342
2341
2343
2338
2339
2355
2356
2359
2360
2361
2362
2363
2357
2358
2370
2371
2374
2375
2376
2377
2372
2373
2382
2383
2386
2387
2388
2384
2385
2398
2399
2402
2403
2404
2405
2406
2400
2401
2413
2414
2417
2415
2416
2423
2424
2427
2428
2429
2425
2426
2439
2440
2443
2444
2445
2446
2447
2441
2442
2456
2457
2460
2461
2462
2463
2464
2458
2459
2478
2479
2482
2483
2484
2485
2480
2481
2497
2498
2501
2502
2503
2504
2505
2499
2500
2514
2515
2518
2519
2520
2521
2516
2517
2526
2527
2530
2531
2532
2528
2529
2542
2543
2546
2547
2548
2549
2544
2545
2561
2562
2565
2566
2568
2567
2569
2570
2563
2564
2578
2579
2582
2583
2584
2585
2586
2580
2581
2593
2594
2597
2595
2596
2603
2604
2607
2608
2609
2610
2605
2606
2622
2623
2626
2627
2628
2629
2630
2624
2625
2639
2640
2643
2644
2645
2646
2641
2642
2651
2652
2655
2656
2657
2659
2658
2660
2661
2662
2653
2654
2672
2673
2676
2677
2678
2679
2680
2674
2675
2687
2688
2691
2689
2690
2697
2698
2699
2700
2704
2705
2708
2709
2710
2711
2712
2706
2707
2721
2722
2725
2726
2728
2727
2729
2730
2723
2724
2738
2739
2742
2743
2744
2745
2740
2741
2755
2756
2759
2760
2761
2762
2763
2757
2758
2770
2771
2774
2775
2776
2777
2772
2773
2782
2788
2783
2786
2787
2784
2785
2796
2797
2800
2801
2802
2803
2804
2805
2806
2798
2799
2820
2821
2824
2825
2826
2827
2828
2829
2830
2822
2823
2844
2845
2848
2846
2847
2854
2855
2856
2857
2861
2862
2865
2866
2867
2868
2869
2863
2864
2883
2884
2887
2888
2889
2890
2885
2886
2900
2901
2904
2905
2906
2907
2902
2903
2919
2920
2923
2924
2925
2926
2921
2922
2936
2937
2940
2941
2942
2938
2939
2950
2951
2954
2955
2956
2957
2952
2953
2969
2975
2970
2973
2974
2971
2972
2983
2984
2987
2988
2989
2990
2985
2986
3002
3003
3006
3007
3008
3009
3004
3005
3021
3022
3025
3026
3027
3028
3029
3030
3031
3023
3024
3045
3046
3049
3050
3051
3052
3053
3047
3048
3062
3063
3066
3067
3068
3064
3065
3076
3077
3080
3081
3078
3079
3087
3088
3091
3092
3093
3089
3090
3101
3102
3105
3106
3107
3108
3109
3103
3104
3123
3124
3127
3125
3126
3133
3134
3137
3138
3139
3135
3136
3149
3150
3153
3154
3155
3156
3157
3151
3152
3166
3167
3170
3171
3173
3172
3174
3175
3168
3169
3183
3184
3187
3188
3189
3190
3191
3192
3193
3185
3186
3203
3204
3207
3208
3209
3211
3210
3212
3213
3214
3205
3206
3224
3225
3228
3229
3230
3231
3226
3227
3238
3239
3242
3244
3243
3245
3240
3241
3257
3258
3261
3262
3263
3264
3265
3259
3260
3279
3280
3283
3284
3285
3286
3281
3282
3298
3299
3302
3303
3304
3305
3306
3300
3301
3342
3340
3341
3339
3338
3335
3334
3333
3332
3331
3337
3336
3321
3314
3315
3316
3317
3318
3319
3320
3322
3323
3324
3325
3326
3327
3328
3329
3330
3373
3376
3379
3382
3385
3388
3391
3394
3397
3400
3403
3406
3409
3412
3415
3418
3421
3424
3427
3430
3433
3436
3439
3442
3445
3448
3451
3454
3457
3460
3463
3466
3469
3472
3475
3478
3481
3484
3487
3490
3493
3496
3499
3502
3505
3508
3511
3514
3517
3520
3523
3526
3529
3532
3535
3538
3541
3544
3547
3550
3553
3556
3559
3562
3565
3568
3571
3574
3577
3580
3583
3586
3589
3592
3595
3598
3601
3604
3607
3610
3613
3616
3619
3622
3625
3628
3631
3634
3637
3640
3643
3646
3649
3652
3655
3658
3661
3664
3667
3670
3673
3676
3679
