5
6
7
8
9
3
4
1
2
18
19
22
23
24
20
21
34
35
38
39
40
41
42
36
37
49
50
53
54
55
51
52
63
64
67
68
69
70
71
72
73
65
66
83
84
87
85
86
93
94
97
98
99
100
101
102
103
95
96
113
114
117
118
119
120
121
115
116
130
131
134
132
133
140
141
144
145
146
147
148
142
143
155
156
159
161
160
162
157
158
174
175
178
176
177
184
185
188
189
190
191
192
186
187
201
202
205
206
207
208
203
204
220
221
224
225
226
227
222
223
237
238
241
242
239
240
248
249
252
253
254
255
250
251
267
268
271
273
272
274
269
270
286
287
290
292
291
293
288
289
305
306
309
310
311
312
307
308
319
320
323
324
325
321
322
333
334
337
338
339
340
341
342
343
335
336
353
354
357
358
359
361
360
362
363
364
355
356
374
375
378
379
376
377
385
386
389
390
391
392
387
388
399
400
403
404
405
406
407
401
402
421
422
425
426
427
428
429
423
424
436
437
440
442
441
443
438
439
455
456
459
460
461
462
463
464
465
457
458
475
476
479
480
481
482
477
478
494
495
498
499
500
501
502
503
504
496
497
518
519
522
523
524
525
526
520
521
533
534
537
538
539
540
535
536
552
553
556
558
557
559
554
555
571
572
575
576
573
574
582
583
586
587
588
589
584
585
596
597
600
601
598
599
607
608
611
612
609
610
618
619
622
623
624
625
620
621
630
631
634
632
633
640
641
644
645
646
647
642
643
659
660
663
664
665
666
661
662
671
672
675
676
677
678
679
673
674
693
694
697
699
698
700
695
696
712
713
716
717
718
719
720
721
722
714
715
736
737
740
741
742
744
743
745
746
747
738
739
757
758
761
762
763
764
765
759
760
772
773
776
777
774
775
783
784
787
788
789
790
785
786
802
803
806
807
808
804
805
816
817
820
821
822
823
818
819
828
834
829
832
833
830
831
842
843
846
847
844
845
853
854
857
858
859
860
861
855
856
875
876
879
880
881
882
877
878
894
895
898
899
900
901
896
897
906
907
910
911
908
909
917
918
919
920
924
925
928
929
930
931
932
926
927
946
947
950
951
952
953
954
948
949
961
962
965
966
967
968
963
964
980
981
984
985
987
986
988
989
982
983
997
998
1001
1003
1002
1004
999
1000
1016
1017
1020
1021
1022
1023
1018
1019
1030
1031
1034
1035
1036
1037
1032
1033
1049
1050
1053
1055
1054
1056
1051
1052
1068
1074
1069
1072
1073
1070
1071
1082
1083
1086
1087
1088
1089
1084
1085
1096
1097
1100
1101
1102
1103
1104
1098
1099
1118
1119
1122
1123
1124
1125
1126
1120
1121
1135
1136
1139
1140
1141
1142
1137
1138
1147
1148
1151
1152
1153
1154
1155
1156
1157
1149
1150
1171
1172
1175
1176
1177
1173
1174
1185
1186
1189
1190
1191
1192
1187
1188
1204
1205
1208
1209
1210
1206
1207
1218
1219
1222
1224
1223
1225
1220
1221
1237
1238
1241
1242
1243
1239
1240
1253
1254
1257
1258
1259
1260
1255
1256
1265
1266
1269
1270
1271
1267
1268
1279
1280
1281
1282
1286
1287
1290
1292
1291
1293
1288
1289
1305
1306
1307
1308
1312
1313
1316
1317
1318
1319
1314
1315
1329
1330
1333
1334
1335
1331
1332
1343
1344
1347
1348
1349
1350
1351
1345
1346
1365
1366
1369
1367
1368
1375
1376
1379
1380
1381
1382
1377
1378
1387
1388
1391
1392
1393
1394
1389
1390
1406
1407
1410
1412
1411
1413
1408
1409
1425
1426
1429
1430
1431
1432
1427
1428
1439
1440
1443
1444
1445
1446
1441
1442
1453
1454
1457
1458
1459
1460
1455
1456
1472
1473
1474
1475
1479
1480
1483
1484
1485
1481
1482
1493
1494
1497
1499
1498
1500
1495
1496
1512
1513
1516
1514
1515
1522
1523
1526
1527
1528
1529
1530
1524
1525
1544
1545
1548
1549
1546
1547
1555
1556
1557
1558
1562
1563
1566
1567
1568
1564
1565
1576
1577
1580
1581
1582
1583
1584
1578
1579
1598
1599
1602
1600
1601
1608
1609
1612
1613
1614
1615
1616
1617
1618
1610
1611
1628
1629
1632
1633
1634
1635
1630
1631
1645
1646
1649
1650
1651
1652
1653
1647
1648
1660
1661
1664
1662
1663
1670
1671
1674
1675
1676
1677
1672
1673
1689
1690
1693
1694
1695
1696
1697
1691
1692
1706
1707
1710
1708
1709
1716
1717
1718
1719
1723
1724
1727
1725
1726
1733
1734
1737
1738
1739
1740
1735
1736
1745
1746
1749
1751
1750
1752
1747
1748
1764
1765
1768
1769
1766
1767
1775
1776
1779
1780
1781
1782
1777
1778
1792
1793
1796
1798
1797
1799
1794
1795
1811
1812
1813
1814
1818
1819
1822
1823
1824
1825
1826
1820
1821
1835
1836
1839
1840
1841
1842
1843
1844
1845
1837
1838
1855
1856
1857
1858
1862
1863
1866
1867
1868
1864
1865
1878
1879
1880
1881
1885
1886
1889
1890
1891
1892
1893
1894
1895
1887
1888
1905
1906
1909
1910
1911
1913
1912
1914
1915
1916
1907
1908
1926
1927
1930
1931
1928
1929
1937
1938
1941
1939
1940
1947
1948
1951
1952
1953
1955
1954
1956
1957
1958
1949
1950
1968
1969
1972
1973
1974
1975
1970
1971
1987
1988
1991
1992
1993
1989
1990
2003
2004
2007
2005
2006
2013
2014
2017
2018
2019
2020
2021
2015
2016
2028
2029
2032
2033
2034
2035
2036
2030
2031
2050
2051
2054
2055
2056
2052
2053
2066
2067
2070
2071
2072
2068
2069
2080
2081
2084
2085
2086
2082
2083
2096
2097
2100
2102
2101
2103
2098
2099
2115
2116
2119
2120
2121
2117
2118
2129
2130
2133
2134
2135
2136
2137
2131
2132
2151
2152
2155
2156
2158
2157
2159
2160
2153
2154
2168
2169
2172
2173
2174
2175
2170
2171
2182
2183
2186
2187
2188
2189
2184
2185
2194
2195
2198
2199
2200
2201
2196
2197
2206
2207
2210
2211
2212
2213
2214
2208
2209
2221
2222
2225
2226
2227
2228
2229
2223
2224
2238
2239
2242
2243
2244
2246
2245
2247
2248
2249
2240
2241
2259
2260
2263
2261
2262
2269
2270
2273
2274
2276
2278
2279
2275
2277
2280
2281
2282
2271
2272
2293
2294
2297
2298
2299
2300
2301
2295
2296
2308
2309
2312
2313
2310
2311
2319
2320
2323
2324
2321
2322
2330
2331
2334
2332
2333
2340
2341
2342
2343
2347
2348
2349
2350
2354
2355
2358
2359
2356
2357
2365
2366
2369
2370
2371
2372
2373
2374
2375
2367
2368
2385
2386
2389
2390
2391
2387
2388
2399
2400
2403
2404
2405
2401
2402
2415
2416
2419
2420
2421
2422
2423
2424
2425
2417
2418
2439
2440
2443
2444
2445
2441
2442
2453
2454
2457
2458
2459
2460
2455
2456
2465
2466
2469
2470
2471
2467
2468
2479
2480
2481
2482
2486
2487
2490
2491
2492
2493
2494
2488
2489
2501
2507
2502
2505
2506
2503
2504
2515
2516
2519
2520
2521
2522
2517
2518
2532
2533
2534
2535
2539
2540
2543
2544
2545
2546
2547
2548
2549
2541
2542
2563
2564
2565
2566
2570
2571
2574
2575
2576
2572
2573
2584
2585
2588
2589
2590
2591
2592
2586
2587
2606
2607
2610
2611
2612
2608
2609
2622
2623
2626
2628
2627
2629
2624
2625
2641
2642
2645
2646
2647
2648
2643
2644
2660
2661
2664
2665
2667
2666
2668
2669
2662
2663
2677
2678
2681
2682
2683
2684
2679
2680
2696
2697
2700
2701
2702
2703
2704
2698
2699
2718
2719
2722
2723
2724
2725
2726
2720
2721
2733
2734
2737
2738
2739
2740
2735
2736
2745
2746
2749
2750
2751
2752
2753
2747
2748
2762
2763
2766
2767
2768
2764
2765
2776
2777
2780
2781
2782
2783
2784
2778
2779
2791
2792
2795
2796
2797
2799
2798
2800
2801
2802
2793
2794
2812
2813
2816
2817
2818
2819
2814
2815
2831
2832
2835
2836
2837
2838
2839
2833
2834
2846
2847
2850
2851
2852
2853
2854
2848
2849
2861
2862
2865
2866
2867
2868
2869
2870
2871
2863
2864
2885
2886
2889
2890
2891
2892
2893
2894
2895
2887
2888
2909
2910
2913
2915
2914
2916
2911
2912
2928
2929
2932
2933
2934
2935
2936
2930
2931
2950
2951
2954
2955
2956
2957
2958
2952
2953
2965
2966
2969
2971
2970
2972
2967
2968
2984
2985
2988
2989
2990
2986
2987
3000
3001
3004
3005
3006
3007
3008
3002
3003
3022
3023
3026
3027
3028
3029
3030
3024
3025
3044
3045
3048
3049
3051
3050
3052
3053
3046
3047
3061
3062
3065
3066
3063
3064
3072
3073
3076
3077
3078
3079
3080
3074
3075
3089
3090
3093
3094
3095
3096
3097
3098
3099
3091
3092
3109
3110
3113
3115
3114
3116
3111
3112
3128
3129
3130
3131
3135
3136
3139
3140
3141
3143
3142
3144
3145
3146
3137
3138
3156
3162
3157
3160
3161
3158
3159
3170
3171
3174
3176
3175
3177
3172
3173
3189
3190
3193
3194
3195
3191
3192
3203
3204
3207
3208
3209
3210
3205
3206
3222
3223
3226
3227
3228
3229
3230
3231
3232
3224
3225
3242
3243
3246
3247
3248
3244
3245
3258
3259
3262
3263
3264
3265
3266
3260
3261
3295
3293
3281
3292
3285
3290
3275
3289
3278
3291
3283
3288
3286
3274
3279
3294
3277
3280
3282
3284
3276
3287
3310
3313
3316
3319
3322
3325
3328
3331
3334
3337
3340
3343
3346
3349
3352
3355
3358
3361
3364
3367
3370
3373
3376
3379
3382
3385
3388
3391
3394
3397
3400
3403
3406
3409
3412
3415
3418
3421
3424
3427
3430
3433
3436
3439
3442
3445
3448
3451
3454
3457
3460
3463
3466
3469
3472
3475
3478
3481
3484
3487
3490
3493
3496
3499
3502
3505
3508
3511
3514
3517
3520
3523
3526
3529
3532
3535
3538
3541
3544
3547
3550
3553
3556
3559
3562
3565
3568
3571
3574
3577
3580
3583
3586
3589
3592
3595
3598
3601
3604
3607
3610
3613
3616
3619
3622
3625
3628
3631
3634
3637
3640
3643
3646
3649
3652
3655
3658
3661
3664
3667
3670
3673
3676
3679
3682
3685
3688
3691
3694
3697
3700
3703
3706
3709
3712
3715
3718
3721
3724
3727
3730
3733
3736
3739
3742
3745
3748
3751
3754
3757
3760
3763
3766
3769
3772
3775
3778
3781
3784
3787
3790
3793
3796
3799
3802
3805
3808
3811
3814
3817
3820
3823
3826
3829
3832
3835
3838
3841
3844
3847
3850
3853
3856
3859
3862
3865
3868
3871
3874
3877
3880
3883
3886
3889
3892
3895
3898
3901
3904
3907
3910
3913
3916
3919
3922
3925
3928
3931
3934
3937
3940
3943
3946
3949
3952
3955
3958
3961
3964
3967
3970
3973
3976
3979
3982
3985
3988
3991
3994
3997
4000
4003
4006
4009
4012
4015
4018
