     5
     6
     7
     8
     9
    10
    11
     3
     4
     1
     2
    23
    24
    27
    25
    26
    33
    34
    37
    38
    39
    40
    41
    35
    36
   200
   201
   202
   203
   204
   205
   206
   207
    52
    53
    54
    50
    51
    48
    49
    64
    65
    66
    67
    71
    72
    75
    76
    73
    74
    82
    83
    86
    87
    88
    89
    84
    85
    96
    97
   100
   101
   102
   103
   104
    98
    99
   118
   119
   120
   121
   125
   126
   129
   127
   128
   135
   136
   139
   141
   140
   142
   137
   138
   154
   155
   158
   160
   159
   161
   156
   157
   173
   174
   175
   176
   180
   181
   184
   185
   186
   187
   182
   183
   188
   212
   215
   218
   221
