 20
 20
 20
 20
 20
 20
 20
 20
 20
 20
 20
 20
 20
 20
 20
 20
 20
 20
 20
 20
 20
 20
 21
 21
 21
 21
 21
 21
 21
 21
 21
 21
 22
 22
 22
 22
 22
 22
 22
 22
 22
 22
 22
 22
 22
 22
 22
 24
 24
 24
 24
 24
 24
 24
 24
 24
 24
 24
 24
 24
 24
 24
 24
 25
 25
 25
 25
 25
 25
 25
 26
 26
 26
 26
 26
 26
 26
 26
 26
 26
 26
 27
 27
 27
 27
 27
 27
 27
 27
 27
 27
 27
 27
 27
 27
 28
 28
 28
 28
 28
 28
 28
 28
 28
 28
 28
 28
 28
 28
 28
 28
 28
 28
 28
 28
 28
 28
 29
 29
 29
 29
 29
 29
 29
 30
 30
 30
 30
 30
 30
 30
 30
 30
 30
 31
 31
 31
 31
 31
 31
 31
 31
 31
 31
 31
 31
 31
 31
 31
 31
 31
 31
 31
 32
 32
 32
 32
 32
 32
 32
 32
 32
 32
 32
 32
 32
 32
 32
 32
 32
 32
 32
 33
 33
 33
 33
 33
 33
 33
 34
 34
 34
 34
 34
 34
 34
 34
 34
 34
 34
 34
 34
 34
 34
 34
 34
 34
 34
 34
 23
 23
 23
 23
 23
 23
 23
 23
 23
 23
 23
 23
101
101
101
102
102
102
103
103
103
104
104
104
