5
6
7
8
9
3
4
1
2
18
19
22
23
24
25
20
21
32
33
34
35
39
40
43
44
45
47
46
48
49
50
41
42
60
61
64
65
66
62
63
74
75
78
79
80
82
81
83
84
85
76
77
95
96
99
100
101
102
103
97
98
110
111
114
115
116
117
112
113
122
123
126
127
128
130
129
131
132
133
124
125
143
144
147
148
149
150
151
145
146
165
166
169
170
171
172
167
168
179
180
183
184
185
181
182
193
194
197
195
196
203
204
207
208
209
210
211
205
206
218
219
222
223
225
227
228
224
226
229
230
231
220
221
242
243
246
247
248
249
244
245
261
262
265
266
267
268
263
264
280
281
284
285
282
283
291
292
295
296
298
297
299
300
293
294
309
310
313
314
315
311
312
323
324
327
328
329
330
331
325
326
345
346
349
350
352
351
353
354
347
348
362
363
366
367
368
369
370
371
372
364
365
386
392
387
390
391
388
389
400
401
404
405
406
407
408
402
403
417
418
421
422
423
419
420
433
434
437
435
436
443
444
447
449
448
450
445
446
462
463
466
468
467
469
464
465
481
482
485
486
483
484
492
493
494
495
499
500
503
504
501
502
510
511
512
513
517
518
521
522
523
524
519
520
536
537
538
539
543
544
545
546
550
551
554
555
556
557
552
553
569
570
573
574
575
571
572
583
584
587
588
589
590
585
586
595
596
599
600
601
602
603
597
598
617
618
621
622
623
624
619
620
636
637
640
641
642
638
639
650
651
654
655
656
657
658
652
653
667
668
671
669
670
677
678
681
682
683
684
685
679
680
694
695
698
700
699
701
696
697
713
714
717
718
719
720
721
722
723
715
716
733
734
737
738
739
740
735
736
745
746
749
750
751
753
752
754
755
756
747
748
766
767
770
771
768
769
777
778
781
782
783
784
785
779
780
792
793
796
798
797
799
794
795
811
817
812
815
816
813
814
825
826
829
830
831
832
827
828
839
840
843
844
845
846
847
848
849
841
842
859
865
860
863
864
861
862
873
874
877
878
879
880
881
882
883
875
876
897
898
901
902
899
900
908
909
912
913
914
910
911
922
923
926
927
928
924
925
938
944
939
942
943
940
941
952
953
954
955
959
960
963
964
966
965
967
968
961
962
977
978
981
979
980
987
988
989
990
994
995
998
999
1000
1001
1002
1003
1004
996
997
1018
1019
1022
1023
1024
1025
1020
1021
1037
1038
1041
1042
1043
1039
1040
1053
1054
1057
1058
1059
1060
1061
1062
1063
1055
1056
1073
1074
1075
1076
1080
1081
1084
1085
1086
1087
1088
1089
1090
1082
1083
1100
1101
1104
1105
1106
1107
1102
1103
1119
1120
1123
1124
1125
1126
1121
1122
1133
1134
1135
1136
1140
1141
1144
1145
1146
1147
1148
1149
1150
1142
1143
1164
1165
1168
1166
1167
1174
1175
1178
1179
1176
1177
1185
1186
1189
1190
1191
1187
1188
1201
1202
1205
1206
1207
1208
1203
1204
1218
1219
1222
1223
1224
1225
1220
1221
1235
1236
1239
1240
1241
1242
1243
1237
1238
1252
1253
1254
1255
1259
1260
1263
1264
1265
1266
1267
1268
1269
1261
1262
1283
1284
1287
1288
1289
1290
1291
1292
1293
1285
1286
1303
1304
1307
1308
1310
1309
1311
1312
1305
1306
1321
1322
1325
1326
1327
1328
1323
1324
1338
1339
1342
1343
1344
1346
1345
1347
1348
1349
1340
1341
1359
1360
1363
1364
1365
1366
1367
1361
1362
1374
1375
1376
1377
1381
1382
1385
1386
1387
1389
1388
1390
1391
1392
1383
1384
1402
1408
1403
1406
1407
1404
1405
1416
1417
1420
1421
1422
1423
1418
1419
1435
1436
1439
1440
1442
1444
1445
1441
1443
1446
1447
1448
1437
1438
1459
1460
1463
1464
1465
1466
1467
1461
1462
1481
1482
1485
1486
1487
1483
1484
1497
1498
1501
1502
1503
1499
1500
1511
1512
1515
1516
1517
1518
1519
1520
1521
1513
1514
1531
1537
1532
1535
1536
1533
1534
1545
1546
1549
1550
1551
1547
1548
1561
1562
1565
1566
1567
1568
1569
1570
1571
1563
1564
1585
1586
1589
1590
1591
1587
1588
1601
1602
1605
1606
1607
1608
1609
1610
1611
1603
1604
1621
1622
1625
1626
1628
1627
1629
1630
1623
1624
1638
1639
1642
1643
1644
1645
1640
1641
1657
1658
1661
1662
1663
1664
1659
1660
1676
1677
1678
1679
1683
1684
1687
1688
1689
1685
1686
1699
1700
1703
1704
1705
1706
1701
1702
1711
1712
1715
1716
1717
1713
1714
1725
1726
1729
1730
1731
1732
1727
1728
1744
1745
1748
1749
1750
1746
1747
1760
1761
1764
1765
1766
1762
1763
1776
1777
1780
1781
1782
1778
1779
1790
1791
1794
1795
1796
1797
1792
1793
1804
1805
1808
1806
1807
1814
1815
1818
1816
1817
1824
1825
1826
1827
1831
1832
1833
1834
1838
1839
1842
1843
1844
1845
1840
1841
1857
1858
1861
1862
1863
1864
1859
1860
1871
1877
1872
1875
1876
1873
1874
1885
1886
1889
1890
1891
1892
1893
1887
1888
1907
1908
1911
1912
1913
1914
1915
1916
1917
1909
1910
1927
1928
1931
1932
1933
1934
1935
1929
1930
1942
1943
1946
1947
1948
1944
1945
1958
1959
1960
1961
1965
1966
1969
1970
1971
1972
1967
1968
1977
1978
1981
1983
1982
1984
1979
1980
1996
1997
2000
2001
2002
2003
1998
1999
2013
2014
2017
2018
2019
2020
2015
2016
2032
2033
2036
2038
2037
2039
2034
2035
2051
2052
2055
2056
2057
2058
2059
2060
2061
2053
2054
2075
2076
2079
2080
2081
2082
2077
2078
2087
2088
2091
2092
2094
2093
2095
2096
2089
2090
2104
2105
2108
2110
2109
2111
2106
2107
2123
2124
2127
2128
2129
2130
2125
2126
2137
2138
2141
2142
2143
2144
2139
2140
2156
2162
2157
2160
2161
2158
2159
2170
2171
2172
2173
2177
2178
2181
2182
2183
2184
2185
2186
2187
2179
2180
2197
2198
2201
2202
2199
2200
2208
2209
2210
2211
2215
2216
2219
2220
2221
2222
2223
2217
2218
2232
2233
2236
2237
2238
2239
2234
2235
2246
2252
2247
2250
2251
2248
2249
2260
2261
2264
2265
2266
2267
2262
2263
2279
2280
2283
2284
2285
2286
2287
2288
2289
2281
2282
2303
2304
2305
2306
2310
2316
2311
2314
2315
2312
2313
2324
2325
2328
2329
2330
2331
2326
2327
2338
2339
2342
2343
2344
2345
2340
2341
2350
2351
2354
2355
2356
2357
2358
2352
2353
2365
2366
2369
2370
2371
2372
2373
2374
2375
2367
2368
2389
2390
2393
2394
2395
2396
2397
2398
2399
2391
2392
2409
2410
2411
2412
2416
2417
2420
2421
2422
2423
2418
2419
2428
2429
2432
2433
2434
2435
2436
2437
2438
2430
2431
2452
2453
2456
2457
2458
2459
2460
2461
2462
2454
2455
2472
2478
2473
2476
2477
2474
2475
2486
2487
2490
2488
2489
2496
2497
2500
2501
2502
2503
2498
2499
2513
2514
2517
2518
2515
2516
2524
2525
2528
2529
2530
2531
2526
2527
2536
2537
2540
2538
2539
2546
2547
2550
2551
2552
2554
2553
2555
2556
2557
2548
2549
2567
2568
2571
2572
2573
2574
2569
2570
2579
2580
2583
2584
2585
2586
2587
2588
2589
2581
2582
2603
2604
2607
2608
2609
2605
2606
2617
2618
2621
2622
2623
2624
2619
2620
2634
2635
2638
2639
2640
2641
2642
2643
2644
2636
2637
2658
2659
2662
2663
2664
2665
2666
2660
2661
2675
2676
2679
2680
2681
2682
2683
2684
2685
2677
2678
2699
2700
2703
2701
2702
2709
2710
2713
2714
2715
2716
2711
2712
2728
2729
2732
2733
2730
2731
2739
2740
2743
2744
2745
2741
2742
2753
2754
2757
2758
2760
2762
2763
2759
2761
2764
2765
2766
2755
2756
2777
2778
2781
2782
2783
2784
2785
2779
2780
2799
2800
2803
2804
2805
2806
2807
2801
2802
2816
2817
2820
2821
2822
2823
2818
2819
2833
2834
2835
2836
2840
2841
2844
2845
2846
2847
2848
2842
2843
2855
2856
2859
2860
2861
2862
2863
2857
2858
2872
2873
2876
2877
2878
2879
2880
2881
2882
2874
2875
2896
2897
2900
2901
2902
2903
2904
2898
2899
2911
2912
2915
2916
2917
2918
2913
2914
2930
2931
2934
2935
2936
2937
2938
2932
2933
2947
2948
2951
2952
2953
2954
2955
2949
2950
2962
2963
2964
2965
2969
2970
2973
2974
2975
2971
2972
2983
2984
2987
2988
2989
2991
2990
2992
2993
2994
2985
2986
3004
3005
3008
3009
3010
3006
3007
3020
3021
3024
3025
3026
3027
3022
3023
3037
3038
3041
3042
3043
3039
3040
3053
3054
3057
3055
3056
3063
3064
3065
3066
3070
3076
3071
3074
3075
3072
3073
3084
3085
3088
3089
3086
3087
3095
3096
3099
3100
3101
3102
3103
3104
3105
3097
3098
3115
3116
3119
3120
3121
3122
3123
3117
3118
3131
3132
3135
3136
3137
3133
3134
3145
3146
3149
3150
3151
3147
3148
3161
3162
3165
3163
3164
3171
3172
3175
3176
3177
3178
3179
3173
3174
3186
3187
3190
3191
3188
3189
3197
3198
3201
3202
3203
3204
3205
3206
3207
3199
3200
3221
3222
3225
3226
3227
3223
3224
3237
3238
3241
3242
3243
3244
3239
3240
3256
3257
3260
3261
3262
3263
3264
3258
3259
3273
3274
3277
3278
3279
3280
3281
3275
3276
3295
3296
3299
3300
3301
3302
3297
3298
3314
3315
3316
3317
3321
3322
3325
3323
3324
3331
3332
3335
3336
3337
3338
3333
3334
3343
3344
3347
3345
3346
3353
3354
3357
3358
3359
3355
3356
3369
3370
3371
3372
3376
3377
3380
3381
3382
3383
3378
3379
3393
3394
3397
3398
3395
3396
3404
3405
3408
3409
3410
3406
3407
3418
3419
3422
3423
3424
3420
3421
3434
3440
3435
3438
3439
3436
3437
3448
3449
3452
3453
3454
3455
3456
3450
3451
3463
3464
3467
3468
3469
3465
3466
3479
3480
3483
3485
3484
3486
3481
3482
3498
3499
3502
3503
3504
3500
3501
3514
3515
3518
3516
3517
3524
3525
3528
3529
3530
3531
3532
3533
3534
3526
3527
3548
3549
3552
3553
3555
3554
3556
3557
3550
3551
3565
3566
3569
3570
3567
3568
3576
3577
3578
3579
3583
3584
3587
3588
3589
3590
3585
3586
3602
3603
3606
3607
3608
3609
3610
3611
3612
3604
3605
3626
3627
3630
3631
3632
3628
3629
3642
3643
3646
3647
3648
3649
3650
3651
3652
3644
3645
3662
3663
3664
3665
3669
3670
3673
3674
3675
3676
3677
3678
3679
3671
3672
3689
3690
3693
3694
3691
3692
3700
3701
3704
3705
3706
3707
3702
3703
3719
3720
3723
3725
3724
3726
3721
3722
3738
3739
3742
3743
3744
3740
3741
3752
3753
3756
3757
3758
3759
3754
3755
3766
3767
3770
3771
3772
3773
3774
3768
3769
3788
3789
3792
3793
3794
3790
3791
3804
3805
3808
3810
3809
3811
3806
3807
3823
3824
3827
3828
3829
3830
3825
3826
3840
3841
3844
3845
3846
3847
3842
3843
3852
3853
3856
3857
3858
3860
3859
3861
3862
3863
3854
3855
3873
3874
3877
3878
3879
3880
3881
3875
3876
3888
3889
3892
3893
3890
3891
3899
3900
3903
3904
3905
3906
3901
3902
3918
3919
3922
3923
3924
3925
3926
3920
3921
3933
3934
3937
3938
3939
3940
3941
3935
3936
3955
3956
3959
3957
3958
3965
3966
3969
3970
3971
3972
3967
3968
3979
3980
3983
3984
3986
3985
3987
3988
3981
3982
3997
3998
4001
4002
4003
4004
4005
3999
4000
4012
4013
4016
4017
4018
4019
4020
4014
4015
4028
4029
4032
4033
4034
4030
4031
4044
4045
4048
4049
4050
4051
4046
4047
4063
4064
4067
4065
4066
4073
4074
4077
4075
4076
4083
4084
4085
4086
4090
4091
4094
4095
4096
4097
4098
4092
4093
4112
4113
4116
4117
4118
4119
4120
4114
4115
4129
4130
4133
4131
4132
4139
4140
4143
4141
4142
4149
4150
4153
4154
4155
4156
4157
4151
4152
4166
4167
4170
4171
4172
4173
4174
4168
4169
4188
4189
4192
4193
4194
4195
4190
4191
4207
4208
4211
4212
4213
4214
4215
4209
4210
4223
4224
4227
4228
4229
4230
4231
4225
4226
4240
4241
4244
4245
4246
4247
4248
4249
4250
4242
4243
4260
4261
4264
4265
4266
4262
4263
4276
4277
4280
4281
4278
4279
4287
4288
4291
4293
4292
4294
4289
4290
4306
4307
4310
4311
4312
4313
4308
4309
4325
4326
4329
4330
4331
4332
4327
4328
4342
4343
4346
4344
4345
4352
4353
4356
4357
4354
4355
4363
4364
4367
4369
4368
4370
4365
4366
4382
4388
4383
4386
4387
4384
4385
4396
4397
4400
4401
4402
4403
4398
4399
4415
4421
4416
4419
4420
4417
4418
4429
4430
4433
4434
4435
4436
4431
4432
4441
4442
4445
4446
4447
4448
4449
4443
4444
4463
4464
4467
4465
4466
4473
4474
4477
4478
4475
4476
4479
4485
4486
4487
4488
4489
4490
4491
4492
4493
4494
4495
4496
4497
4498
4499
4500
4513
4512
4503
4508
4510
4507
4504
4505
4518
4502
4511
4506
4509
4514
4515
4501
4516
4517
4534
4537
4540
4543
4546
4549
4552
4555
4558
4561
4564
4567
4570
4573
4576
4579
4582
4585
4588
4591
4594
4597
4600
4603
4606
4609
4612
4615
4618
4621
4624
4627
4630
4633
4636
4639
4642
4645
4648
4651
4654
4657
4660
4663
4666
4669
4672
4675
4678
4681
4684
4687
4690
4693
4696
4699
4702
4705
4708
4711
4714
4717
4720
4723
